2175
2318
2345
2369
2389
2694
2920
3840
4922
5023
5721
7691
9826
10146
11001
11393
11484
11983
12116
13585
16329
16552
17826
19462
20831
21756
21824
22233
22563
23172
24143
24212
24397
24694
24928
27842
28998
29034
29609
29840
30781
31506
31612
31712
31731
32147
32254
32262
32553
33018
33550
33628
34729
35358
35427
36537
36813
36918
37026
37183
37221
37439
37612
38085
38247
38642
38789
39074
39455
40348
40916
41152
41401
41410
41431
41743
42009
42056
43157
43321
43523
43573
43691
43873
44295
44689
44827
44861
44868
44930
45144
45761
46207
46227
46380
46393
46395
46397
46425
46462
46469
46539
46649
46669
46839
47165
47244
48029
48040
48116
48243
48589
48784
48836
48865
48939
49497
49751
49811
49857
49962
50115
50251
50438
50519
50550
50551
50610
50796
51282
51339
51665
51690
51730
51813
51871
51894
52053
52081
52138
52213
52354
52388
52585
52588
52957
53098
53122
53176
53311
53333
53385
53489
53560
53571
53639
53735
53748
54057
54167
54347
54390
54547
54548
54581
54593
54654
54915
55020
55056
55065
55226
55295
55323
55455
55492
55531
55571
55581
55592
55816
55901
55951
56010
56097
56100
56145
56159
56166
56240
56313
56431
56483
56539
56887
56961
57035
57093
57314
57354
57356
57371
57384
57659
57762
58003
58825
58845
58901
58910
58915
58922
58927
58990
59037
59049
60039
60063
60117
60156
60202
60325
60520
60606
60676
60768
60829
60832
60840
60881
60912
60970
61038
61211
61243
61310
61829
61838
61971
62097
62165
62380
62789
62937
63134
63167
63235
63251
63293
63351
63356
64024
64486
64830
64874
65018
65060
65095
65136
65464
65548
65606
65665
65775
65944
66182
66219
66292
66375
66497
66526
66616
66773
66776
67133
67180
67262
67375
67413
67742
67891
67930
68608
68938
69963
70088
70140
70278
71025
71026
71078
71150
71387
71445
71640
71701
71800
71946
72098
72114
72232
72327
72337
72374
72383
72489
72556
72596
72639
73109
73184
73257
73487
73587
73715
73722
73736
73756
73795
73872
73905
74037
74099
74230
74263
74296
74449
74526
74582
74604
74762
74795
74932
74982
74990
75130
75206
75312
75909
75945
76082
76092
76113
76285
76319
76351
76432
76482
76496
76565
76687
76724
76892
76978
77014
77129
77323
77345
77486
77491
77567
77661
77664
77787
77840
77871
78460
78623
78746
78777
79581
79909
80053
80058
80059
80196
80833
81020
81333
81365
81422
81444
81460
81614
81934
82064
82256
82286
82307
82309
82326
82388
82476
82541
82617
82735
82802
82814
82854
82937
82988
83059
83216
83248
83284
83307
83369
83580
83606
83625
83658
84056
84113
84235
84252
84255
84279
84406
84407
84446
84578
84590
84702
84714
84731
84738
84763
84787
84806
84912
84984
85003
85052
85169
85306
85373
85390
85452
85587
85608
85654
85750
85789
85899
86166
86184
86191
86248
86307
86329
86362
86474
86521
86633
86948
86973
87222
87269
87288
87326
87402
87419
87468
87494
87583
87662
87675
87772
87773
87796
87856
87888
87944
87951
87990
88116
88134
88137
88240
88273
88325
88345
88346
88352
88552
88568
88634
88635
88653
88656
88733
88788
88838
88872
88873
88878
88890
88904
88905
88919
88926
88998
89000
89019
89020
89025
89026
89032
89033
89034
89124
89137
89139
89218
89303
89311
89335
89374
89415
89589
89596
89623
89625
89637
89689
89787
89834
89903
89910
90161
90273
90292
90353
90355
90389
90415
90512
90596
90698
90709
90712
90788
90935
90959
90971
91047
91137
91343
91747
91956
91961
91966
91994
92012
92137
92148
92164
92171
92215
92217
92286
92291
92366
92497
92506
92518
92600
92777
92814
92963
92974
92976
93030
93051
93077
93118
93193
93262
93319
93352
93353
93364
93371
93373
93516
93518
93528
93540
93611
93635
93658
93718
93720
93796
93907
93993
93998
94007
94039
94040
94060
94129
94131
94171
94292
94333
94349
94400
94402
94410
94438
94456
94457
94459
94461
94482
94497
94600
94762
94796
94825
94836
95046
95100
95168
95217
95222
95292
95464
95561
95612
95613
95744
95747
95844
95888
95926
96087
96114
96129
96373
96413
96463
96491
96600
96722
96730
96767
96821
96861
97229
97325
97337
97387
97451
97497
97523
97553
97645
97676
97787
97811
97882
97946
98009
98012
98107
98118
98325
98332
98432
98467
98522
98683
98800
98805
98975
99040
99070
99088
99155
99177
99440
99493
99858
99904
100336
100565
100693
100737
100816
100822
100889
100908
100927
101138
101215
101285
101434
101569
102081
102285
102439
102485
102616
102666
102893
102911
103379
103810
104047
104496
104558
104714
104900
105503
105648
105649
105665
105697
105913
105936
106388
106574
106704
107029
107038
107121
107443
107660
107753
107771
107867
108033
108144
108149
108162
108314
108324
108705
108709
108801
108873
108953
109052
109138
109290
109298
109389
109474
109639
109830
110076
110169
110285
110387
110684
111064
111415
111757
111802
112045
112106
112136
112215
112222
112225
112502
113085
113178
113370
113575
113911
113957
114240
114251
115399
115557
115761
115996
116614
117390
117505
117899
118028
118043
118919
119054
119085
119517
119779
119904
119928
120023
120150
120173
120238
120457
120458
120460
120463
120523
120590
120696
120704
120818
120921
120925
120935
121411
121562
121939
121949
122341
122627
122749
122772
122819
122822
122982
123040
123257
123296
123316
123392
123409
123415
123442
123496
123740
123789
123972
124104
124162
124200
124202
124393
124395
124396
124520
125011
125012
125224
125346
125386
125418
125420
125437
125516
125526
125540
125541
125567
125587
125600
125632
125654
125703
125939
125952
125955
126044
126079
126082
126138
126233
126258
126404
126414
126465
126527
126553
126555
126563
126569
126573
126578
126651
126847
126901
127029
127031
127063
127108
127140
127171
127308
127320
127394
127470
127476
127762
127852
127861
127929
128117
128196
128233
128243
128287
128298
128888
129214
129246
129309
129359
129594
129942
130182
130281
130315
130854
130975
130993
131164
131369
131517
131541
131692
131855
131978
132038
132039
132101
132479
132550
132678
132731
132798
132821
133044
133214
133342
133378
133416
133529
133531
133536
133557
133599
133615
133620
133731
133749
133847
134044
134190
134238
134266
134394
134401
134509
135023
135088
135535
135630
135648
135650
135709
135731
135787
135956
135971
136244
136397
136591
136763
136830
136981
137091
137227
137315
137334
137478
137693
137767
137849
137879
137898
137946
137977
138190
138253
138283
138378
138823
139063
139176
139385
139483
139700
139875
139894
139986
140049
140160
140226
140306
140314
140425
140576
140790
140799
140944
141612
142172
142299
142329
142498
143162
143430
143474
143535
143592
143757
143798
143949
144207
144241
144471
144522
144527
144556
144726
144974
145035
145378
145431
145594
145842
145868
145931
146265
146623
147377
147545
147670
147727
147785
147846
147848
148357
148551
148993
149055
149311
149857
149890
150379
150609
150688
150998
151158
151204
151442
151688
151886
152035
152473
152586
152927
153201
153280
153315
153463
153536
153803
153924
154234
154260
154398
154410
154431
154445
154601
154884
155008
155588
155740
155788
156686
156864
156865
157020
157044
157072
157158
157445
157495
157633
157805
157842
157879
157883
157985
158020
158118
158279
158521
159159
159198
159254
159305
159425
160231
160242
160545
160746
161000
161025
161095
161616
161693
161738
161786
161790
161828
161894
162095
162124
162249
162425
162443
162460
162469
162546
162594
162655
162668
162724
162915
162916
162920
162964
163096
163241
163274
163335
163345
163360
163461
163474
163589
163683
163711
163840
164182
164350
164375
164499
164529
164532
164615
164621
164635
164678
164681
164748
164796
164810
164878
164984
165135
165714
165838
166383
166577
166682
166684
166712
166761
167183
167619
167647
167705
168058
168218
168226
168301
168424
168433
168524
168527
168617
168682
168720
168757
168888
169023
169125
169346
169559
169591
169696
169778
169879
169947
170071
170161
170238
170306
170331
170381
170486
170664
170710
170950
170956
171015
171079
171126
171262
171452
171522
171719
171733
171824
171833
171845
171906
172294
172352
172486
172520
172548
172574
172646
172692
172814
173052
173095
173133
173213
173292
173472
173577
173649
173752
173902
174345
174378
174471
174481
174633
174701
174739
174752
174844
174908
175098
175135
175159
175314
175545
175552
175889
175890
175892
175952
176001
176043
176158
176182
176198
176235
176418
176501
176525
176612
176764
176986
177116
177176
177183
177328
177337
177449
177489
177592
177619
177736
177740
177741
177806
177844
178077
178081
178083
178220
178228
178242
178280
178297
178363
178780
178875
178946
179036
179077
179369
179374
179422
179447
179551
179580
180178
180194
180308
180363
180701
180758
180779
181155
181616
181624
181756
181828
181836
181950
181991
182013
182059
182110
182176
182308
182354
182402
182443
182505
182652
182761
182812
183448
183610
183650
183679
183810
183850
183999
184034
184045
184074
184087
184342
184346
184423
184589
184597
184604
184609
184632
184697
184730
184732
184736
184777
184783
184855
184877
185067
185068
185070
185074
185094
185107
185150
185174
185245
185475
185500
185540
185551
185561
185736
185841
185891
186022
186366
186403
186404
186475
186522
186526
186762
186854
187796
187812
187817
187826
187956
188178
188269
188467
188588
188593
188652
188700
188911
189161
189167
189448
189490
189588
189885
189896
189934
190242
190288
191254
191467
191503
191511
191684
191735
192039
192050
192587
192630
193034
193173
193486
193571
193600
194209
194221
194988
195908
196164
196362
196553
196856
197475
197587
197679
198035
198089
198283
198562
198941
198971
199107
199127
199365
199454
199646
199904
200316
200424
200731
200762
201301
201391
201650
201663
201696
201731
201906
202170
202187
202663
202893
202911
202937
202994
203090
203126
203154
203595
203630
203631
203632
203950
203987
204135
204303
204304
204458
204489
204574
204576
204577
204579
204580
204683
204788
204837
204842
204843
204857
204905
205043
205044
205053
205064
205194
205222
205474
205509
205678
205747
205792
205872
206064
206178
206179
206458
206584
206745
206754
206839
207366
207601
207604
207619
207773
207940
208099
208462
208564
208804
208910
208934
209238
209239
209240
209509
209699
209836
209879
210083
210376
210491
210750
210752
210862
210934
211003
211128
211433
211595
211655
211933
212177
212223
212389
212621
212696
213181
213448
214392
214502
214532
214560
215069
215129
215145
215365
215543
215735
215797
215947
216483
216706
216860
217309
217422
217610
217801
217810
217848
217922
217955
218053
218054
218127
218137
218336
218467
218540
218916
218967
219184
219273
219536
219635
219753
219901
219909
219913
219946
220368
220404
220405
220407
220423
220523
220535
220557
220564
220696
220767
220979
221330
221416
221493
221662
221860
221914
221977
221980
222331
222391
222411
222556
222861
222931
223056
223108
223299
223339
223375
223388
223680
223808
223824
223956
224335
224341
224451
224566
224568
224703
224921
224951
225036
225190
225601
225966
226336
226342
226732
226809
226930
226988
227023
227657
227661
227973
228022
228120
228129
228197
228204
228359
228475
228616
228717
228786
228880
229127
229294
229351
229386
229623
229719
229779
229782
229789
230012
230349
230351
230420
230467
230472
230879
230955
231081
231119
231150
231304
231307
231327
231341
231358
231555
231611
231619
231627
231855
232196
232997
233285
233313
233618
234245
234372
235009
235179
235343
235819
235845
236006
236083
236104
236666
238162
239141
239260
239300
239421
239485
239523
240574
240651
241244
242144
242231
242409
242421
242760
243165
243209
243824
245437
246105
246383
246384
246875
246959
246999
247294
247440
247651
247720
247758
247818
247933
247945
248103
248410
248733
248752
248943
249272
249442
249574
249915
250125
250136
250198
250604
250794
250959
251257
251317
251444
252105
253979
254550
254984
255136
255172
255229
255429
256516
256556
256651
256656
256934
257112
257598
257790
257855
258177
258253
258352
258825
258826
258832
258860
259179
259245
259357
259477
259553
259821
259954
259955
260417
260892
261031
261147
261164
261506
261622
261827
262016
262022
262101
262390
262593
262606
262615
262706
262707
263207
263305
263425
263781
263845
263855
263927
264030
264049
264094
264216
264317
264323
264519
264804
265049
265204
265268
265374
265381
265422
265425
265440
265739
265754
265812
265813
266028
266146
266295
266345
266367
266545
266604
266659
266699
266769
266790
266804
266839
267021
267117
267359
267408
267409
267424
267425
267469
267470
267952
267977
268250
268505
268533
268816
268955
269121
269210
269711
269844
270008
270120
270174
270465
270795
270822
271326
271339
271531
271744
272153
272564
272583
272749
272763
272997
273260
273330
273436
273667
273752
274005
274236
274554
274631
274699
274862
274981
275075
275171
275298
275672
275743
275923
276164
276324
276525
277381
278065
278352
278829
279553
279748
279902
280964
282779
283255
283551
283676
284319
284330
284349
284447
284558
284650
286485
286542
286716
286830
286948
287103
287138
287139
287319
287454
287471
287536
287621
287887
287903
288352
288364
288388
288624
288766
288769
288770
288804
289090
289181
289218
289599
289988
290834
290909
291069
291245
292198
292549
292672
292762
292813
292868
292882
292966
293044
293199
293305
293787
293841
294462
294628
294778
295803
296159
296253
296456
296477
296566
296738
296748
297184
297232
297256
297356
297375
297402
297495
297508
297681
298747
298952
298961
299031
299207
299208
299209
299210
299212
299246
299249
299255
299304
299322
299324
299325
299326
299331
299335
299340
299438
299661
299954
300012
300114
300220
300223
300226
300468
300472
300526
300545
300846
300855
300862
300899
301442
301841
302277
302308
302441
302845
303094
303691
304077
304424
304747
304751
304926
304929
304940
304997
305004
305114
305161
305200
305216
305703
305800
305899
305961
306623
306711
306736
307201
307405
307458
309271
309273
309684
309716
309815
309837
309851
309996
309997
310069
310196
310394
310408
310601
310685
310716
311599
312343
312686
313066
313106
313899
314302
314475
317076
317208
317532
318139
318435
318866
318914
318944
319139
319255
319462
319621
319704
319852
320163
320478
320673
320749
320857
321294
321333
322401
323444
324078
324663
325543
325899
327086
327192
327396
327503
327653
328708
329199
330106
330135
330206
330453
331335
331662
331665
331690
332216
333101
333417
333689
334093
334236
334524
334770
335308
335543
335593
335608
336682
337240
337588
337913
338450
338843
338912
339129
339130
339227
339267
339347
339663
339687
339713
340342
340656
340695
340771
340978
341219
341259
341612
341702
341903
341923
342685
343261
344029
344181
344220
344727
345094
345372
345733
345916
346543
347491
348069
348331
348363
348398
348445
348456
348461
348537
348920
348954
349035
349085
349104
349224
349325
349331
349358
349423
350082
350089
350090
350226
350230
350264
351033
351358
351839
352380
352462
352508
352905
353001
353029
353248
353628
354151
354418
354739
354783
354967
355010
355059
355061
355118
355497
355763
355946
355964
356044
356116
356124
356209
356360
356605
356636
356840
357135
357292
357295
357532
357538
357688
357786
357859
357921
358018
358020
358158
358204
358566
358578
358672
358722
358788
359117
359438
359838
359887
360160
360513
360639
360685
361127
361275
361415
361460
361472
361561
361562
361673
362118
362201
362208
362310
362421
362522
362582
362708
362932
363050
363334
363340
363582
363807
363856
364029
364073
364529
364757
364865
364950
365181
365230
365470
365483
365597
365745
365753
365759
365773
365903
366037
366108
366174
366214
366231
366246
366364
366449
366528
366568
366599
366605
366608
366610
366619
366708
366834
366855
366906
366985
367159
367486
367813
368187
368192
368438
368473
368494
368994
369237
369443
369447
369526
369660
369884
369973
370130
370219
370337
370382
370441
370448
370471
370590
370632
370748
370808
371027
371065
371079
371087
371233
371415
371416
371424
371510
371598
371611
371791
371816
371817
372078
372150
372152
372226
372240
372466
372517
372799
372844
372873
372956
372992
373148
373294
373529
373814
374021
374227
374289
374310
374326
374483
374534
374553
374597
374700
374795
374942
375066
375069
375219
375221
375223
375262
375269
375271
375280
375282
375393
375651
375744
375762
375826
376155
376253
376269
376374
376394
376441
377031
377150
377559
377769
377798
377854
377884
377963
378029
378034
378298
378332
378457
378616
378644
378684
378811
378959
378992
379142
379573
379803
379818
379849
380321
380322
380721
380891
380946
381219
381470
381585
381886
381989
382480
382839
383403
383497
383569
383570
383684
383992
384009
384056
384108
384303
384354
384560
384758
385003
385128
385379
385394
385414
385565
385795
385987
386022
386173
387002
387140
387489
387579
387606
387640
387678
387728
387821
388481
388931
388955
389018
389063
389250
389251
389257
389335
389528
389863
390050
390348
390586
391186
391232
391327
391430
391481
391626
391826
391961
392000
392066
392152
393137
393171
393242
393327
393365
393703
393966
393999
394013
394036
394157
394206
394336
394402
394499
395084
395123
395126
395375
395426
395502
395601
395825
395913
396318
396418
396796
396853
396909
397677
397920
398297
398309
398381
398399
398409
398421
398455
398631
398666
398684
398733
398776
398852
398866
398946
399065
399396
399401
399665
399831
400042
400276
400399
400927
401199
401611
401655
401709
402073
402256
402429
402439
402464
402530
402561
402649
402759
402764
402765
402766
402781
402912
402915
403052
403111
403190
403234
403235
403249
403331
403433
403461
403643
403930
404234
404348
404596
405410
405456
405471
405542
405562
405612
405867
406003
406090
406109
406275
406436
406440
406471
406480
406705
406706
406723
406918
407289
407377
407422
407431
407432
407511
407536
407583
407961
408702
408763
408927
409274
409279
410049
410068
410528
410749
411027
411156
411326
411465
411602
411704
411821
411967
412001
412028
412121
412285
412479
412681
412927
413096
413144
413167
413278
413348
413427
413499
413529
413590
413611
413624
413628
413649
413685
413686
413688
413689
413690
414067
414243
414254
414297
414356
414565
414741
414888
414976
415522
416082
416650
416673
416746
416995
417685
417947
418101
418275
418420
418661
418836
418857
418908
418910
419018
419482
419639
419710
419749
419888
419895
420035
420238
420529
420638
420639
420835
420951
420956
421170
421462
421725
421764
422040
422240
422289
422533
422536
422651
422702
422802
422894
422910
422954
423040
423136
423161
423495
423704
423725
423748
423813
423837
423882
423892
423893
424037
424252
424638
425132
425525
425928
425962
426297
426345
426363
426365
426460
426461
426535
426749
426777
426828
426928
427127
427142
427241
427393
427465
427768
427774
427794
427843
427896
427923
427961
427999
428050
428054
428181
428311
428323
428371
428643
428761
428762
428781
428977
429101
429108
429184
429336
429338
429363
429429
429505
429546
429553
429575
429590
429598
429619
429633
429653
429728
429729
429756
429780
429796
429843
429868
429932
430052
430075
430080
430116
430205
430345
430401
430403
430468
430476
430603
430616
430639
430662
430694
430848
430873
430903
430981
430988
430991
431093
431097
431178
431179
431180
431340
431348
431367
431446
431460
431464
431530
431542
431667
431707
431714
431738
431740
431742
431744
431778
431798
431862
431868
431966
431978
431990
432183
432217
432466
432480
432686
432826
432847
432893
433053
433188
433197
433228
433234
433336
433339
433450
433494
433514
433602
433603
433608
433758
433830
433858
433979
434134
434153
434189
434201
434208
434282
434283
434287
434309
434611
434991
435061
435274
435421
435435
435512
435521
435574
435888
435949
436106
436157
436225
436358
436572
436755
436763
437207
437485
437747
437902
437958
438439
438736
439041
439988
440080
440095
440136
440149
440199
440228
440237
440240
440252
440270
440294
440304
440366
440426
440435
440555
440711
440739
440810
440893
440896
440975
441015
441114
441118
441120
441125
441126
441150
441184
441244
441251
441263
441267
441280
441281
441329
441573
441874
442043
442214
442215
442278
442285
442343
442440
442459
442570
442777
443094
443266
443350
443390
443391
443395
443399
443514
443572
443603
443650
443806
443845
443898
443905
444070
444369
444407
444410
444412
444504
444542
444826
444829
444840
445317
445353
445446
445484
445600
445609
445664
445723
445724
445726
445757
445989
446088
446093
446095
446616
446864
447871
448060
448561
448751
448831
448832
448873
448892
449022
449188
449462
449546
449736
449833
449859
449872
450207
450209
450212
450219
450411
450541
450817
450854
451102
451214
451262
451266
453412
453557
454056
454633
455281
455527
455747
456291
456697
456708
456726
456729
456882
456893
456897
457025
457198
457211
457237
457390
457434
457867
457870
457939
458055
458062
458226
458311
458334
458347
458397
458421
458460
458524
458728
458829
459249
459285
459308
459641
459670
459761
459961
459964
459983
460286
460380
460383
460405
460414
460503
460528
460556
460600
460652
460683
460747
460749
460835
461005
461026
461560
461573
461685
461688
461690
461691
461724
461736
461766
461786
461794
461882
462056
462216
462407
462707
463039
463043
463125
463223
463245
463262
463280
463288
463633
463652
463720
463757
463879
463949
464153
464317
464781
464877
465065
465097
465148
465150
465151
465292
465385
465562
465711
465768
465893
465937
466230
466233
466251
466275
466413
466500
466524
466624
466793
467444
467636
468380
468605
468773
468901
469052
469737
470233
470365
470378
470720
470866
471310
472319
472598
472633
472654
472672
472673
472690
472707
472761
472806
472889
473063
473184
473527
473637
473681
473683
473697
473711
473779
473881
473947
474061
474065
474072
474127
474132
474183
474273
474439
474446
474582
474583
474585
474586
474687
474957
474983
475259
475361
475688
475689
475720
475775
475785
475828
475844
475860
475863
475873
475879
476117
476217
476386
476400
476541
476633
476634
476976
477236
477398
477543
477601
477602
477603
477712
477779
477850
477967
478125
478241
478242
478333
478399
478400
478456
478505
478522
478587
478686
478755
478889
478895
478896
478899
478932
478999
479126
479136
479181
479475
479517
479522
479593
479666
479847
479848
479855
479896
480076
480597
480929
481318
481319
481473
481474
481476
481490
481516
481604
481608
481620
481705
481853
481928
482014
482027
482152
482163
482295
482364
482367
482486
482649
482680
483176
483180
483190
483310
483359
483360
483361
483362
483375
483389
483425
483429
483435
483462
483465
483528
483634
483654
484288
484427
484706
484971
485021
485106
485133
485139
485154
485201
485313
485316
485317
485320
485325
485745
485829
485848
485850
485851
485852
485856
485898
485912
485914
486288
486298
486314
486543
486558
486583
486603
486609
486632
486768
486804
486876
486991
487297
487348
487385
487454
487460
487772
487798
487818
488090
488145
488146
488364
488399
